POLYMORPHISM,ALL (n = 5008),AFR (n = 1322),YRI (n = 216),LWK (n = 198),GWD (n = 226),MSL (n = 170),ESN (n = 198),ASW (n = 122),ACB (n = 192)
CYP2D6*2,1798,731,121,128,120,104,112,51,95
CYP2D6*3,28,3,0,0,0,0,0,2,1
CYP2D6*4,466,80,12,5,9,7,15,15,16
CYP2D6*6,24,1,0,0,0,0,0,1,0
CYP2D6*9,36,1,0,0,0,0,0,1,0
CYP2D6*10,1178,146,23,7,26,27,18,19,26
CYP2D6*14,10,0,0,0,0,0,0,0,0
CYP2D6*17,295,287,55,38,37,47,52,18,40
CYP2D6*41,317,24,2,6,1,1,3,2,9
CYP2C19*1,4765,1319,216,198,226,170,198,120,191
CYP2C19*2,1108,225,36,42,30,30,41,17,29
CYP2C19*3,71,3,0,2,0,0,0,0,1
CYP2C19*4,4,0,0,0,0,0,0,0,0
CYP2C19*17,767,311,53,35,54,44,49,24,52
CYP2C9*2,240,11,0,0,1,0,0,5,5
CYP2C9*3,243,3,0,0,0,0,0,2,1
CYP2C9*5,23,22,6,2,2,1,5,3,3
CYP2C9*6,11,11,4,0,2,0,4,0,1
CYP2C9*8,74,70,11,14,4,6,15,4,16
CYP2C9*11,36,32,11,3,0,0,2,1,3
CYP2C9*13,3,0,0,0,0,0,0,0,0
CYP2C9*14,21,0,0,0,0,0,0,0,0
CYP2C9*16,1,0,0,0,0,0,0,0,0
CYP2C9*29,4,0,0,0,0,0,0,0,0
CYP2C9*31,2,2,0,2,0,0,0,0,0
CYP2C9*33,1,0,0,0,0,0,0,0,0
CYP2C9*45,1,0,0,0,0,0,0,0,0
rs3812718 (SNP),2471,449,69,71,82,62,64,42,59
"HLA-B*15:02 (Erlichster et al, 2019….cross...)",196,61,7,21,0,4,11,7,11
"HLA-B*15:02 (CHB…de Bakker et al, 2006…high-resolution...)",46,30,6,4,4,5,2,1,8
"HLA-B*40:01 (CEU…de Bakkar et al, 2006…high-resolution...)",171,9,1,15,1,1,0,0,6
"HLA-B*40:01 (CHB…de Bakkar et al, 2006…high-resolution...)",750,196,25,24,53,22,17,20,35
"HLA-B*40:01 (JPT…de Bakkar et al, 2006…high-resolution...)",549,113,12,15,47,16,7,6,10
"HLA-B*40:01 (CHS…Pillai et al, 2014…predicting alleles...)",638,121,14,21,16,15,17,18,20
"HLA-A*40:01 (MAS/INS…Pillai et al, 2014…predicting alleles...)",193,5,0,0,0,0,0,2,3
"HLA-A*31:01 (CEU...de Bakkar et al, 2006…high-resolution...)",426,120,18,7,34,19,12,9,21
"HLA-A*31:01 (CHB...de Bakkar et al, 2006…high-resolution...)",195,71,15,4,18,11,10,3,10
"HLA-A*31:01 (JPT...de Bakkar et al, 2006…high-resolution...)",308,111,17,7,34,19,11,4,19
"HLA-A:31:01 (CHS...Pillai et al, 2014…predicting alleles...)",92,4,0,0,0,0,0,3,1
"HLA-A:31:01 (INS...Pillai et al, 2014…predicting alleles...)",64,7,0,0,0,0,1,4,2
"HLA-B*15:11 (CHB......de Bakkar et al, 2006…high-resolution...)",783,211,42,26,40,32,25,19,27
